Protocol  : TECO
Code      : 0x251000779 (35 Bits)
Mesg Desc.: Power: On, Mode: 1 (Cool), Temp: 23C, Fan: 3 (High), Sleep: Off, Swing: On, Light: Off, Humid: Off, Save: Off, Timer: Off
uint16_t rawData[73] = {8882, 4522,  568, 1740,  552, 630,  556, 634,  554, 1748,  572, 1712,  582, 1720,  576, 1746,  546, 632,  552, 1744,  576, 1722,  572, 1712,  580, 604,  584, 606,  580, 612,  574, 612,  574, 608,  576, 604,  582, 604,  582, 604,  584, 608,  576, 612,  574, 640,  546, 606,  580, 602,  582, 1720,  574, 612,  572, 612,  576, 606,  580, 1710,  582, 608,  580, 1748,  572, 606,  580, 604,  582, 1720,  574, 612,  574};  // TECO 251000779
uint64_t data = 0x251000779;


Timestamp : 000081.977
Library   : v2.7.14

Protocol  : TECO
Code      : 0x251000771 (35 Bits)
Mesg Desc.: Power: Off, Mode: 1 (Cool), Temp: 23C, Fan: 3 (High), Sleep: Off, Swing: On, Light: Off, Humid: Off, Save: Off, Timer: Off
uint16_t rawData[73] = {8882, 4520,  570, 1712,  580, 602,  586, 608,  578, 610,  576, 1742,  578, 1714,  580, 1720,  574, 604,  580, 1714,  580, 1748,  546, 1742,  576, 600,  588, 598,  588, 606,  580, 610,  578, 608,  578, 606,  578, 602,  584, 604,  584, 600,  586, 608,  578, 608,  578, 608,  576, 606,  554, 1740,  580, 610,  578, 610,  576, 608,  578, 1712,  582, 598,  586, 1722,  572, 608,  578, 602,  584, 1740,  554, 608,  578};  // TECO 251000771
uint64_t data = 0x251000771;




------------------------
lastest
on...
Raw: (73) 9012, -4403, 686, -1636, 659, -529, 659, -530, 657, -1634, 687, -502, 686, -502, 683, -1609, 686, -502, 686, -1608, 688, -1632, 662, -1635, 685, -504, 684, -531, 655, -504, 685, -504, 683, -501, 685, -503, 685, -502, 658, -530, 657, -529, 659, -529, 657, -529, 657, -530, 658, -529, 660, -1633, 687, -503, 685, -501, 684, -503, 684, -1607, 691, -502, 684, -1606, 688, -503, 684, -501, 686, -1609, 685, -502, 688,

off...
Raw: (73) 9025, -4403, 688, -1606, 688, -501, 686, -500, 688, -499, 689, -499, 687, -500, 686, -1633, 662, -528, 659, -1635, 686, -1608, 688, -1609, 686, -500, 686, -501, 687, -499, 687, -500, 688, -501, 685, -501, 686, -502, 686, -500, 686, -501, 686, -503, 686, -501, 685, -501, 686, -501, 686, -1607, 687, -501, 688, -499, 687, -499, 687, -1635, 661, -528, 659, -1635, 686, -501, 686, -501, 687, -1608, 686, -501, 687,